229 
48 255 
2284 
48 237 
38 790 
38 237 
39 16010 
533 
270 271 
438 
36 38 
19 
12925 
38 89 
272 
9 
1872 
548 
39 48 
479 
425 
39 677 
39 264 
677 
49 
405 
1239 
48 1146 
15618 
32 39 
38 39 48 
38 225 
649 
267 
48 161 
39 533 
36 48 
310 
41 270 
1714 
48 16217 
39 10515 
1355 
105 
39 48 185 
39 229 
156 
13041 
1067 
39 48 49 
16010 
41 475 
522 
2118 
39 48 310 
48 544 
581 
371 
52 
396 
38 39 89 
1783 
55 
39 48 2238 
39 48 225 
31 
1327 
60 
865 
297 
39 156 
1004 
16217 
39 41 65 
790 
2199 
39 1393 
37 38 48 
39 78 
9 39 48 
420 
39 175 
38 48 170 
4336 
334 
39 41 310 
441 
39 48 270 
48 229 
48 548 
23 39 
39 48 65 
175 
1693 
39 255 
161 
1393 
38 39 41 
38 39 41 48 
39 48 170 
39 41 110 
41 1146 
38 371 
269 
32 39 41 48 
39 2958 
947 
155 
48 1004 
48 475 
39 338 
41 225 
209 
570 
39 371 
48 16010 
39 41 48 89 
39 14098 
32 38 39 41 
41 48 
76 
48 225 
38 39 237 
11 
12929 
39 570 
36 38 39 
62 
39 13041 
39 101 
39 12925 
48 12925 
32 38 41 
398 
147 
18 
38 39 371 
32 38 170 
379 
885 
32 38 39 
549 
39 249 
39 147 
32 48 89 
783 
39 649 
48 589 
39 783 
48 286 
48 438 
39 41 225 
37 38 39 
806 
39 242 
48 2958 
38 39 225 
340 
740 
48 49 
38 48 89 
48 310 
39 48 123 
3616 
31 39 
38 170 
32 48 
103 
39 270 
604 
39 48 89 
38 39 110 
39 48 1146 
48 271 
37 38 
48 1393 
39 
766 
623 
237 
544 
32 41 
475 
32 41 48 
1146 
38 39 41 170 
48 533 
39 544 
824 
48 522 
39 76 
2958 
39 15832 
32 38 39 48 
39 103 
535 
32 38 48 
39 161 
39 48 101 
39 170 
449 
48 110 
270 
48 147 
1043 
39 301 
39 41 89 
488 
32 38 
39 310 
675 
48 592 
39 48 16010 
39 438 
48 3270 
279 
249 
36 38 39 41 
39 179 
772 
41 48 89 
38 39 41 110 
39 1004 
48 338 
41 271 
48 89 
39 48 147 
38 39 48 170 
39 41 48 65 
878 
39 589 
201 
107 
39 185 
32 65 
123 
38 39 
812 
41 65 
374 
39 41 48 
38 56 
208 
41 310 
48 117 
48 101 
1578 
39 1146 
39 48 237 
39 258 
36 38 41 
89 
65 
48 405 
39 89 
10 
681 
39 48 78 
48 14098 
79 
39 123 
1135 
19 39 
48 201 
39 48 1327 
338 
39 3270 
39 592 
39 48 592 
32 237 
36 39 
179 
1198 
242 
913 
464 
1417 
38 105 
48 413 
38 48 110 
32 39 48 
39 49 
225 
413 
48 2238 
39 604 
170 
19 48 
39 479 
110 
39 405 
39 201 
39 48 110 
41 237 
48 783 
38 39 48 110 
39 48 338 
45 
38 65 
3270 
976 
301 
41 2238 
48 301 
48 249 
38 110 
32 310 
39 1327 
48 15832 
48 1327 
39 48 1393 
956 
38 
18 39 
286 
39 48 79 
39 41 170 
2 
39 60 
41 48 65 
48 677 
94 
36 38 48 
78 
38 286 
38 48 
37 
258 
38 39 286 
48 479 
10446 
48 258 
251 
39 16217 
1600 
39 413 
39 48 413 
271 
4883 
48 956 
48 1135 
38 41 
916 
2238 
9 48 
48 604 
1344 
48 170 
48 
809 
32 39 41 
16010 16011 
39 548 
38 55 
41 48 310 
41 170 
48 65 
789 
48 549 
117 
260 
39 225 
41 
39 286 
48 10515 
39 48 14098 
39 79 
39 740 
38 41 110 
41 48 225 
14098 
36 39 48 
1814 
15832 
48 185 
2046 
39 237 
48 270 
37 39 
185 
592 
39 824 
39 48 255 
48 123 
39 48 60 
32 39 65 
48 78 
39 956 
32 89 
589 
39 48 2958 
32 
255 
407 
2437 
1986 
846 
39 48 533 
36 41 
426 
664 
1715 
48 60 
389 
48 740 
48 79 
32 39 89 
41 89 
39 48 271 
798 
36 39 41 
264 
39 110 
39 48 12925 
32 38 41 48 
9 39 
38 48 286 
39 117 
39 475 
39 48 475 
16011 
39 48 438 
48 13041 
39 334 
48 824 
41 110 
1435 
961 
150 
39 389 
39 522 
703 
101 
38 41 170 
32 170 
39 271 
32 225 
39 65 
704 
39 48 604 
571 
39 2238 
261 
23 
2383 
36 38 39 48 
38 39 170 
186 
39 1578 
8978 
12946 
37 48 
10515 
56 
1144 
39 41 
36 
38 41 48 
259 
