49 122 308 
49 51 
49 51 516 
8 51 
49 122 158 
8 49 514 
8 171 516 
49 121 124 
122 149 
8 84 
8 121 
49 122 514 
49 
8 51 121 122 
8 51 124 
49 149 
124 171 
8 49 121 122 
8 146 
8 60 
8 60 122 
122 524 
122 514 
51 121 
49 122 171 516 
49 878 
122 158 
60 516 
8 49 51 516 
158 
8 122 308 
49 121 516 
8 122 514 
8 49 51 124 
8 49 51 
84 
60 
8 49 379 
122 171 
49 51 124 
49 60 122 
8 122 149 
49 124 
121 124 
8 49 121 516 
49 379 
8 51 516 
8 122 878 
8 49 878 
8 49 171 
51 124 
8 49 121 122 516 
49 121 122 
122 
122 379 
8 122 146 
8 122 124 171 
8 149 
146 
49 122 171 
81 122 
8 878 
49 124 516 
51 
49 122 878 
49 308 
516 
8 22 122 
81 
8 121 516 
8 51 122 
49 171 
8 49 122 124 
171 
8 150 
8 60 122 516 
49 122 124 516 
49 121 122 124 
8 49 121 122 124 
49 158 
49 122 124 
379 
150 
8 122 516 
171 516 
8 49 121 124 
121 122 
122 124 171 
49 146 
524 
8 124 171 
124 516 
8 51 122 124 
51 516 
22 122 
8 122 
8 122 171 
8 49 171 516 
49 84 122 
122 146 
8 49 122 124 516 
878 
49 514 
122 124 516 
1 122 
51 122 516 
8 49 124 
8 84 122 
49 122 516 
8 51 122 516 
8 171 
8 121 122 
8 49 51 122 516 
8 49 51 122 124 
122 308 
308 
49 122 
122 124 
49 516 
8 49 60 
8 308 
51 122 
1 8 
49 84 
22 
8 51 121 
121 122 124 
514 
8 49 124 516 
8 122 171 516 
60 122 516 
8 122 124 516 
122 150 
49 51 122 124 
122 171 516 
8 49 122 171 516 
60 122 
8 
8 49 516 
8 49 122 
49 60 
8 49 146 
8 122 124 
8 121 122 124 
1 
8 49 60 122 
8 121 122 516 
8 49 51 122 
124 
8 516 
8 22 
121 516 
49 51 122 516 
8 49 122 171 
8 121 124 
8 49 122 146 
49 121 122 516 
121 122 516 
49 122 146 
8 379 
49 122 379 
8 49 121 
84 122 
51 122 124 
8 81 
60 124 
8 124 516 
8 122 379 
49 171 516 
49 51 122 
8 124 
49 121 
8 122 150 
8 49 
8 122 158 
122 516 
8 158 
8 49 122 878 
8 60 516 
121 
8 514 
51 121 122 
149 
49 150 
8 49 122 516 
122 878 
