479 
52 
420 
269 
910 
39 
1043 
338 
242 
117 
13041 
522 
1714 
4336 
161 
16217 
681 
270 
675 
10 
2118 
426 
272 
677 
49 
1239 
581 
2199 
824 
10446 
261 
976 
267 
1004 
175 
604 
237 
772 
1986 
3270 
571 
23 
2284 
1435 
1783 
297 
209 
740 
150 
766 
79 
855 
374 
65 
12925 
258 
956 
14098 
55 
12946 
548 
310 
1344 
885 
249 
812 
1135 
809 
32 
703 
156 
1393 
8978 
30 
201 
413 
798 
2383 
36 
438 
19 
1327 
846 
398 
279 
179 
225 
2 
4883 
185 
405 
441 
12929 
475 
623 
544 
913 
38 
1715 
961 
425 
790 
11 
340 
1146 
2958 
449 
1198 
1417 
464 
110 
301 
271 
2238 
48 
56 
1144 
396 
488 
1067 
89 
865 
94 
251 
260 
229 
1355 
9 
371 
60 
789 
10515 
123 
62 
592 
255 
389 
264 
704 
1872 
1693 
570 
78 
806 
3616 
535 
208 
170 
407 
259 
533 
649 
334 
155 
76 
664 
549 
379 
103 
15832 
101 
15618 
31 
947 
783 
1600 
107 
16010 
45 
286 
37 
2046 
2437 
186 
53 
105 
18 
878 
1578 
147 
16011 
916 
41 
1814 
589 
48 301 
39 170 
39 147 
39 438 
39 89 
19 48 
48 185 
39 237 
39 110 
38 237 
48 161 
36 48 
39 10515 
39 371 
48 16010 
48 522 
39 117 
48 14098 
39 405 
32 65 
48 604 
48 65 
38 65 
48 13041 
39 175 
48 548 
39 13041 
48 589 
39 310 
41 310 
39 592 
39 123 
39 479 
38 48 
9 48 
48 549 
39 824 
48 592 
48 255 
36 38 
48 475 
48 229 
39 101 
32 41 
39 76 
36 39 
38 286 
48 1135 
38 55 
39 41 
48 225 
48 740 
39 103 
39 179 
48 258 
48 270 
48 123 
48 147 
39 475 
39 533 
48 10515 
41 65 
39 270 
48 271 
32 38 
48 2958 
41 475 
38 110 
48 956 
39 548 
39 389 
39 271 
38 89 
32 39 
38 371 
48 677 
39 14098 
39 12925 
39 45 
41 2238 
48 338 
38 56 
32 237 
48 413 
39 225 
39 156 
39 255 
48 1004 
41 48 
36 41 
48 79 
48 16217 
39 589 
41 110 
9 39 
39 65 
39 48 
48 249 
39 544 
39 1327 
48 12925 
38 170 
48 1393 
48 117 
38 41 
39 677 
39 49 
39 15832 
39 201 
41 89 
39 334 
48 237 
39 264 
39 229 
48 544 
32 89 
39 570 
39 649 
18 39 
31 39 
39 185 
39 1146 
38 105 
39 60 
37 39 
270 271 
39 249 
48 89 
48 2238 
48 783 
41 170 
39 79 
16010 16011 
32 310 
39 1393 
38 225 
39 2958 
39 338 
48 286 
39 78 
48 201 
39 604 
39 413 
48 170 
38 39 
37 48 
48 479 
39 3270 
48 110 
48 78 
48 101 
41 237 
48 1327 
39 16217 
32 225 
48 570 
32 170 
39 1004 
39 16010 
48 1146 
39 783 
48 310 
39 522 
39 161 
48 3270 
41 271 
39 740 
39 2238 
39 1578 
38 790 
41 270 
48 15832 
23 39 
48 438 
39 242 
48 264 
48 533 
37 38 
48 60 
39 956 
41 1146 
41 225 
48 49 
32 48 
39 301 
48 824 
39 258 
48 405 
19 39 
39 286 
48 179 
39 41 65 
32 48 89 
32 41 48 
39 48 101 
36 39 41 
38 48 170 
39 41 310 
32 38 170 
39 48 16010 
39 48 533 
39 48 271 
37 38 39 
38 39 110 
39 48 49 
39 48 14098 
39 48 438 
39 48 65 
38 48 89 
38 39 237 
39 48 592 
38 41 48 
38 39 371 
41 48 89 
39 48 604 
39 48 2238 
39 41 225 
39 48 185 
39 48 310 
39 41 110 
38 48 110 
38 39 89 
41 48 225 
39 48 270 
38 39 286 
38 41 110 
41 48 310 
39 48 123 
38 41 170 
37 38 48 
39 48 110 
39 48 1327 
32 39 48 
32 39 41 
38 48 286 
39 48 1393 
39 48 338 
39 41 170 
32 38 41 
32 38 48 
39 48 249 
36 38 41 
36 38 48 
32 39 65 
39 48 1146 
39 48 237 
9 39 48 
36 38 39 
39 48 225 
39 41 89 
39 48 413 
39 48 60 
39 48 78 
32 38 39 
38 39 170 
36 39 48 
39 48 89 
39 41 48 
41 48 65 
39 48 147 
38 39 48 
38 39 41 
39 48 170 
39 48 79 
32 39 89 
39 48 12925 
39 48 255 
38 39 225 
39 48 2958 
39 48 475 
32 38 39 41 
32 38 41 48 
39 41 48 65 
32 39 41 48 
38 39 41 170 
38 39 48 170 
39 41 48 89 
36 38 39 41 
38 39 41 110 
38 39 48 110 
36 38 39 48 
38 39 41 48 
32 38 39 48 
